1	14	
1	27	
1	36	
1	17	
1	35	
2	12	
2	3	
2	14	
2	28	
2	45	
2	32	
3	15	
3	48	
3	18	
3	6	
4	45	
4	23	
4	20	
4	36	
4	7	
4	35	
4	24	
4	22	
5	26	
5	4	
5	25	
5	30	
6	31	
6	32	
6	48	
6	13	
7	24	
7	40	
7	1	
7	45	
8	9	
8	15	
8	14	
8	41	
8	16	
9	39	
9	32	
9	44	
9	3	
9	43	
9	8	
10	26	
10	27	
10	2	
10	21	
10	16	
10	32	
10	14	
10	50	
11	45	
11	24	
11	36	
11	42	
12	35	
12	3	
12	21	
12	48	
12	37	
12	8	
12	15	
12	18	
13	27	
13	28	
13	23	
13	12	
13	14	
13	37	
14	15	
14	21	
14	33	
14	6	
15	31	
15	23	
15	50	
15	32	
15	37	
15	11	
15	48	
15	3	
15	22	
16	32	
16	3	
16	14	
16	33	
16	25	
16	21	
16	26	
16	31	
16	2	
16	28	
16	50	
16	4	
16	37	
16	11	
17	14	
17	7	
17	40	
17	36	
17	45	
17	41	
17	18	
18	15	
18	8	
18	2	
18	5	
19	6	
19	5	
19	29	
19	39	
19	48	
19	46	
19	37	
19	12	
20	46	
20	36	
20	35	
20	39	
20	24	
20	1	
20	11	
20	41	
20	42	
20	40	
20	34	
20	17	
20	27	
21	14	
21	13	
21	2	
21	3	
21	20	
21	50	
22	35	
22	48	
22	7	
22	49	
22	1	
22	39	
23	47	
23	19	
23	14	
23	48	
23	34	
24	12	
24	30	
24	20	
24	31	
25	19	
25	34	
25	30	
25	48	
26	6	
26	50	
26	14	
26	15	
26	12	
26	10	
26	34	
26	37	
26	31	
26	32	
26	13	
27	37	
27	40	
27	20	
27	7	
27	32	
27	15	
27	34	
27	4	
28	31	
28	5	
28	10	
28	50	
29	46	
29	34	
29	30	
29	48	
30	29	
30	25	
30	5	
30	34	
30	43	
31	32	
31	33	
31	8	
31	13	
31	15	
31	16	
32	8	
32	15	
32	26	
32	27	
32	14	
32	43	
32	25	
33	12	
33	32	
33	16	
33	3	
33	8	
34	44	
34	9	
34	47	
34	5	
34	29	
34	49	
34	25	
35	38	
35	36	
35	15	
35	41	
35	4	
35	27	
35	11	
35	42	
35	20	
36	11	
36	35	
36	22	
36	42	
36	28	
36	17	
36	31	
36	20	
36	27	
36	47	
37	38	
37	14	
37	6	
37	26	
37	18	
37	8	
37	28	
37	21	
37	10	
37	3	
37	33	
38	25	
38	49	
38	34	
38	39	
38	9	
38	19	
38	48	
38	30	
39	38	
39	19	
39	48	
39	25	
39	34	
39	49	
39	23	
40	35	
40	8	
40	41	
40	36	
40	20	
40	29	
40	1	
41	35	
41	22	
41	36	
41	17	
41	48	
42	1	
42	30	
42	24	
42	36	
43	49	
43	34	
43	9	
43	25	
43	48	
44	47	
44	26	
44	14	
44	46	
44	39	
44	43	
44	5	
44	29	
44	30	
45	1	
45	24	
45	3	
45	41	
46	34	
46	25	
46	49	
46	27	
47	22	
47	44	
47	48	
47	43	
48	19	
48	27	
48	28	
48	25	
48	38	
48	33	
48	5	
48	13	
49	19	
49	23	
49	44	
49	26	
50	14	
50	33	
50	10	
50	44	
50	8	
50	31	
50	22	